Value(ms)  Percentile  TotalCount  1/(1-Percentile)
0.906939   0.000000    0           1.000000
1.353777   0.100000    75          1.111111
1.463328   0.200000    150         1.250000
1.556888   0.300000    225         1.428571
1.631407   0.400000    300         1.666667
1.720289   0.500000    375         2.000000
1.774433   0.550000    413         2.222222
1.834732   0.600000    450         2.500000
1.878257   0.650000    488         2.857143
1.976874   0.700000    525         3.333333
2.044891   0.750000    563         4.000000
2.074628   0.775000    581         4.444444
2.120405   0.800000    600         5.000000
2.165367   0.825000    619         5.714286
2.228683   0.850000    638         6.666667
2.304575   0.875000    656         8.000000
2.340155   0.887500    666         8.888889
2.412720   0.900000    675         10.000000
2.549882   0.912500    684         11.428571
2.705077   0.925000    694         13.333333
2.778727   0.937500    703         16.000000
2.808113   0.943750    708         17.777778
2.872427   0.950000    713         20.000000
3.015466   0.956250    717         22.857143
3.149899   0.962500    722         26.666667
3.293264   0.968750    727         32.000000
3.393273   0.971875    729         35.555556
3.525397   0.975000    731         40.000000
3.713812   0.978125    734         45.714286
3.868606   0.981250    736         53.333333
4.218621   0.984375    738         64.000000
4.361861   0.985938    739         71.113640
4.405767   0.987500    741         80.000000
4.494031   0.989062    742         91.424392
4.603248   0.990625    743         106.666667
4.989213   0.992188    744         128.008193
5.317067   0.992969    745         142.227279
5.852655   0.993750    745         160.000000
6.049395   0.994531    746         182.848784
6.086650   0.995313    746         213.356091
6.113008   0.996094    747         256.016385
6.126025   0.996484    747         284.414107
6.321622   0.996875    748         320.000000
6.677276   0.997266    748         365.764448
7.032019   0.997656    748         426.621160
7.720006   0.998047    749         512.032770
9.276208   0.998242    749         568.828214
10.832410  0.998437    749         639.795266
12.396593  0.998633    749         731.528895
13.952795  0.998828    749         853.242321
15.508997  0.999023    749         1023.541453
16.291088  0.999121    749         1137.656428
17.073180  0.999219    749         1280.409731
17.847290  0.999316    749         1461.988304
17.985620  0.999414    750         1706.484642
17.985620  0.999512    750         2049.180328
17.985620  0.999561    750         2277.904328
17.985620  0.999609    750         2557.544757
17.985620  0.999658    750         2923.976608
17.985620  0.999707    750         3412.969283
17.985620  0.999756    750         4098.360656
17.985620  0.999780    750         4545.454545
17.985620  0.999805    750         5128.205128
17.985620  0.999829    750         5847.953216
17.985620  0.999854    750         6849.315068
17.985620  0.999878    750         8196.721311
17.985620  0.999890    750         9090.909091
17.985620  0.999902    750         10204.081633
17.985620  0.999915    750         11764.705882
17.985620  0.999927    750         13698.630137
17.985620  0.999939    750         16393.442623
17.985620  0.999945    750         18181.818182
17.985620  0.999951    750         20408.163265
17.985620  0.999957    750         23255.813953
17.985620  0.999963    750         27027.027027
17.985620  0.999969    750         32258.064516
17.985620  0.999973    750         37037.037037
17.985620  0.999976    750         41666.666667
17.985620  0.999979    750         47619.047619
17.985620  0.999982    750         55555.555556
17.985620  0.999985    750         66666.666667
17.985620  0.999986    750         71428.571429
17.985620  0.999988    750         83333.333333
17.985620  0.999989    750         90909.090909
17.985620  0.999991    750         111111.111111
17.985620  0.999992    750         125000.000000
17.985620  0.999993    750         142857.142858
17.985620  0.999994    750         166666.666668
17.985620  0.999995    750         199999.999999
17.985620  0.999996    750         250000.000000
17.985620  0.999997    750         333333.333336
17.985620  0.999998    750         500000.000013
17.985620  0.999999    750         999999.999971
17.985620  1.000000    750         10000000.000000
