Value(ms)     Percentile  TotalCount  1/(1-Percentile)
63.396289     0.000000    0           1.000000
3421.003268   0.100000    75          1.111111
4499.612014   0.200000    150         1.250000
6544.784221   0.300000    225         1.428571
12256.552550  0.400000    300         1.666667
14342.542119  0.500000    375         2.000000
14995.725758  0.550000    413         2.222222
16046.625107  0.600000    450         2.500000
17326.173262  0.650000    488         2.857143
22703.583791  0.700000    525         3.333333
23619.603184  0.750000    563         4.000000
24663.907513  0.775000    581         4.444444
25988.053455  0.800000    600         5.000000
26983.769590  0.825000    619         5.714286
27968.363482  0.850000    638         6.666667
28940.235214  0.875000    656         8.000000
29296.086169  0.887500    666         8.888889
29727.031078  0.900000    675         10.000000
29999.029107  0.912500    684         11.428571
30000.220215  0.925000    694         13.333333
30000.235945  0.937500    703         16.000000
30000.242910  0.943750    708         17.777778
30000.250611  0.950000    713         20.000000
30000.258473  0.956250    717         22.857143
30000.265036  0.962500    722         26.666667
30000.273524  0.968750    727         32.000000
30000.277983  0.971875    729         35.555556
30000.283399  0.975000    731         40.000000
30000.290887  0.978125    734         45.714286
30000.297129  0.981250    736         53.333333
30000.301272  0.984375    738         64.000000
30000.302731  0.985938    739         71.113640
30000.303743  0.987500    741         80.000000
30000.304804  0.989062    742         91.424392
30000.305890  0.990625    743         106.666667
30000.307348  0.992188    744         128.008193
30000.309371  0.992969    745         142.227279
30000.313437  0.993750    745         160.000000
30000.325638  0.994531    746         182.848784
30000.341690  0.995313    746         213.356091
30000.350118  0.996094    747         256.016385
30000.354226  0.996484    747         284.414107
30000.359601  0.996875    748         320.000000
30000.366078  0.997266    748         365.764448
30000.372538  0.997656    748         426.621160
30000.379681  0.998047    749         512.032770
30000.385673  0.998242    749         568.828214
30000.391666  0.998437    749         639.795266
30000.397689  0.998633    749         731.528895
30000.403681  0.998828    749         853.242321
30000.409674  0.999023    749         1023.541453
30000.412685  0.999121    749         1137.656428
30000.415697  0.999219    749         1280.409731
30000.418678  0.999316    749         1461.988304
30000.419211  0.999414    750         1706.484642
30000.419211  0.999512    750         2049.180328
30000.419211  0.999561    750         2277.904328
30000.419211  0.999609    750         2557.544757
30000.419211  0.999658    750         2923.976608
30000.419211  0.999707    750         3412.969283
30000.419211  0.999756    750         4098.360656
30000.419211  0.999780    750         4545.454545
30000.419211  0.999805    750         5128.205128
30000.419211  0.999829    750         5847.953216
30000.419211  0.999854    750         6849.315068
30000.419211  0.999878    750         8196.721311
30000.419211  0.999890    750         9090.909091
30000.419211  0.999902    750         10204.081633
30000.419211  0.999915    750         11764.705882
30000.419211  0.999927    750         13698.630137
30000.419211  0.999939    750         16393.442623
30000.419211  0.999945    750         18181.818182
30000.419211  0.999951    750         20408.163265
30000.419211  0.999957    750         23255.813953
30000.419211  0.999963    750         27027.027027
30000.419211  0.999969    750         32258.064516
30000.419211  0.999973    750         37037.037037
30000.419211  0.999976    750         41666.666667
30000.419211  0.999979    750         47619.047619
30000.419211  0.999982    750         55555.555556
30000.419211  0.999985    750         66666.666667
30000.419211  0.999986    750         71428.571429
30000.419211  0.999988    750         83333.333333
30000.419211  0.999989    750         90909.090909
30000.419211  0.999991    750         111111.111111
30000.419211  0.999992    750         125000.000000
30000.419211  0.999993    750         142857.142858
30000.419211  0.999994    750         166666.666668
30000.419211  0.999995    750         199999.999999
30000.419211  0.999996    750         250000.000000
30000.419211  0.999997    750         333333.333336
30000.419211  0.999998    750         500000.000013
30000.419211  0.999999    750         999999.999971
30000.419211  1.000000    750         10000000.000000
